# accurate crop point set XY(UpperLeft, UpperRight, LowerRight, LowerLeft)
cropPoint = [[35, 20], [465, 33], [446, 150], [6, 142]]
# point for segment border YX
segborder = [
    [[10, 20], [36, 20], [70, 20], [100, 20]],
    [[10, 65], [36, 65], [70, 65], [100, 65]],
    [[10, 100], [36, 100], [70, 100], [100, 100]],
    [[10, 135], [36, 135], [70, 135], [100, 135]],
    [[10, 171], [36, 171], [70, 171], [100, 171]],
    [[10, 207], [36, 207], [70, 207], [100, 207]],
    [[10, 242], [36, 242], [70, 242], [100, 242]],
    [[10, 279], [36, 279], [70, 279], [100, 279]],
    [[10, 316], [36, 316], [70, 316], [100, 316]],
    [[10, 353], [36, 353], [70, 353], [100, 353]],
    [[10, 391], [36, 391], [70, 391], [100, 391]],
    [[10, 420], [36, 420], [70, 420], [100, 420]]
]

^ 
-----------------------------------------------------